Observed	Model	X_prim	X_rec	X_pred	X_rec/X_prim	X_pred/X_prim
1.0	1.0000000000000004	1.0	1.0	1.0000000000000004	1.0	1.0
0.8945086579974717	1.203174423393368	0.32974089500044634	0.2949560854737345	0.3967358112113752	0.894509	1.203174
0.7359972408422495	1.2031744233933679	0.07575027166468112	0.05575199093825614	0.09114078943204369	0.735997	1.203174
0.7400154920257992	1.203174423393368	0.06792314788306772	0.050264181700629476	0.08172339428927247	0.740015	1.203174
0.9772802605889519	1.2031744233933679	0.23028750793958627	0.2250554357695792	0.27707603957990734	0.97728	1.203174
1.3433441502585122	1.203174423393368	0.0529481902873848	0.07112764168933294	0.06370590831874655	1.343344	1.203174
1.3193064460890251	0.9590704118157077	0.42167283876508777	0.5563156943234384	0.40441394312593126	1.319306	0.95907
1.6036323113182118	0.9951159994682315	0.22828452604132995	0.36608444213384045	0.22716958429474957	1.603632	0.995116
1.2546327159561217	1.050111451203333	0.1343065034318509	0.16850533317127328	0.14103679722486637	1.254633	1.050111
1.669845784685978	1.050111451203333	0.08932026880181253	0.1491510743457251	0.09379623709334313	1.669846	1.050111
1.6084582976440238	1.050111451203333	0.07289150754145259	0.11724295013283134	0.07654420676475346	1.608458	1.050111
1.74419466555401	1.0501114512033327	0.05332344155797514	0.09300646231440124	0.05599555659760137	1.744195	1.050111
1.9153261933501364	1.0501114512033327	0.03977376155280351	0.07617972731014716	0.04176688246402981	1.915326	1.050111
2.4284871278558167	0.9165205297817733	0.07987762519406452	0.19398178458747717	0.07320948336057394	2.428487	0.916521
0.5982962070098714	0.79992450377423	0.24858626623446584	0.14872822020282697	0.19885024566269371	0.598296	0.799925
0.5839807878895615	0.79992450377423	0.17084655742616825	0.09977110721395296	0.13666434767066313	0.583981	0.799925
1.0	0.9999999999999999	1.0	1.0	0.9999999999999999	1.0	1.0
1.4614464141616417	1.414941134292641	0.32974089500044634	0.4818986486008527	0.46656395599460215	1.461446	1.414941
4.039942968428582	1.4149411342926412	0.07575027166468112	0.3060267773682833	0.10718217531219963	4.039943	1.414941
3.8737173971780265	1.414941134292641	0.06792314788306772	0.26311507962573527	0.09610725591039464	3.873717	1.414941
0.6979970466595898	1.4149411342926408	0.23028750793958627	0.16074000042442807	0.32584326769746375	0.697997	1.414941
1.7504138084697611	1.4149411342926412	0.0529481902873848	0.09268124341252285	0.07491857242397486	1.750414	1.414941
0.9493628885616994	0.8991341098937663	0.42167283876508777	0.4003205442380354	0.3791404325494248	0.949363	0.899134
1.1282505666687572	0.9688058789645904	0.22828452604132995	0.2575621458678392	0.2211633909054856	1.128251	0.968806
1.265841322028338	1.0751054474490946	0.1343065034318509	0.17001072186117766	0.14439365346742344	1.265841	1.075105
1.481812253304428	1.0751054474490946	0.08932026880181253	0.13235586877897101	0.09602870755644607	1.481812	1.075105
1.516933826226865	1.0751054474490946	0.07289150754145259	0.11057159343430005	0.07836605683059245	1.516934	1.075105
1.5952699909234167	1.0751054474490946	0.05332344155797514	0.08506528613019634	0.057328322495712514	1.59527	1.075105
1.6303392609724696	1.0751054474490946	0.03977376155280351	0.0648447250160929	0.042760987710960416	1.630339	1.075105
0.8088101329389497	0.8168903250611574	0.07987762519406452	0.06460583265205892	0.06525125920989266	0.80881	0.81689
0.47380255130434834	0.6206924211591068	0.24858626623446584	0.11778080716111189	0.15429561145597293	0.473803	0.620692
0.5781954368663871	0.6206924211591067	0.17084655742616825	0.09878269990814163	0.10604316337554673	0.578195	0.620692
1.0	0.9999999999999999	1.0	1.0	0.9999999999999999	1.0	1.0
1.273719333152859	1.197610365881981	0.32974089500044634	0.4199973528931954	0.3949011139077364	1.273719	1.19761
3.8639344967102356	1.1367839517967817	0.07575027166468112	0.2926940878203333	0.08611169317265599	3.863934	1.136784
3.8650189295190573	1.127684154052128	0.06792314788306772	0.262524252320579	0.07659585756107481	3.865019	1.127684
0.5126721399350853	1.215751261521467	0.23028750793958627	0.11806198949570564	0.27997232829018687	0.512672	1.215751
0.6040530165708736	1.2157512615214672	0.0529481902873848	0.031983514065063424	0.06437182913716677	0.604053	1.215751
1.0166405646792307	0.9412199729833904	0.42167283876508777	0.428689712912033	0.39688689791030546	1.016641	0.94122
0.8270977328199228	0.8052495222578172	0.22828452604132995	0.18881361392665463	0.18382600553363318	0.827098	0.80525
0.9670004340076623	0.88796273140781	0.1343065034318509	0.12987444710865143	0.11925916963317874	0.967	0.887963
0.9941277891012965	0.8855435531886594	0.08932026880181253	0.0887957613458794	0.07909698820652322	0.994128	0.885544
1.0494705130094661	0.8839157078188017	0.07289150754145259	0.07649748781356161	0.06442994848248258	1.049471	0.883916
1.346609446203286	0.8806679167440505	0.05332344155797514	0.07180585010603818	0.04696024419048509	1.346609	0.880668
1.2254286101548264	0.8765464719651527	0.03977376155280351	0.04873990534028148	0.03486355036589315	1.225429	0.876546
0.5365148306673353	0.6870418647640489	0.07987762519406452	0.042855530555102404	0.05487927256625387	0.536515	0.687042
0.6086938610359662	0.8375844383356779	0.24858626623446584	0.15131293419477165	0.20821198818195835	0.608694	0.837584
0.6494052975815593	0.8321914465263529	0.17084655742616825	0.11094865946612575	0.14217704375853057	0.649405	0.832191
1.0	1.0000000000000002	1.0	1.0	1.0000000000000002	1.0	1.0
1.1121113845611759	1.362333820856596	0.32974089500044634	0.3667086032853877	0.4492171733786317	1.112111	1.362334
0.6435314902504808	1.3623338208565958	0.07575027166468112	0.048747685211251016	0.10319715702787016	0.643531	1.362334
0.6647742046435475	1.362333820856596	0.06792314788306772	0.0451535566108524	0.09253400158014725	0.664774	1.362334
1.2409785095505237	1.3623338208565958	0.23028750793958627	0.28578184837097215	0.3137284605868802	1.240979	1.362334
1.2184913459622766	1.362333820856596	0.0529481902873848	0.06451691164954225	0.07213311038165504	1.218491	1.362334
1.252204409775296	0.9155068541158176	0.42167283876508777	0.5280205881841102	0.38604437408391185	1.252204	0.915507
1.8352721088510375	0.9772388970441716	0.22828452604132995	0.4189642235259312	0.22308851844088073	1.835272	0.977239
1.850112519852951	1.071424671461358	0.1343065034318509	0.2484821434969407	0.1438993013145946	1.850113	1.071425
2.473709620608983	1.0714246714613578	0.08932026880181253	0.22095240825042403	0.09569993965582216	2.47371	1.071425
2.834271467227344	1.0714246714613578	0.07289150754145259	0.20659432002792585	0.07809775951992393	2.834271	1.071425
3.6554722191945896	1.0714246714613578	0.05332344155797514	0.1949223592470244	0.057132050852442426	3.655472	1.071425
4.514638092046034	1.0714246714613578	0.03977376155280351	0.17956413897024273	0.04261458940449488	4.514638	1.071425
1.8980743639537503	0.8426354899522941	0.07987762519406452	0.15161367263436007	0.06730772184162627	1.898074	0.842635
0.4234779745684375	0.6627013432112767	0.24858626623446584	0.10527080853050196	0.16473845253745656	0.423478	0.662701
0.5167121573931129	0.6627013432112766	0.17084655742616825	0.08827849327086175	0.11322024308934421	0.516712	0.662701
1.0	1.0	1.0	1.0	1.0	1.0	1.0
0.719719768366314	0.9812469869125784	0.32974089500044634	0.2373210405706223	0.3235572596810449	0.71972	0.981247
0.4998561835794722	0.9758257095934256	0.07575027166468112	0.03786424169941574	0.07391906259908222	0.499856	0.975826
0.4839920868553366	0.975014671693791	0.06792314788306772	0.032874266089709586	0.06622606573361808	0.483992	0.975015
0.8185220341127214	0.9828638309688744	0.23028750793958627	0.18849539942945964	0.22634126227777684	0.818522	0.982864
1.353560031867736	0.9828638309688744	0.0529481902873848	0.07166855413273153	0.052040861148727975	1.35356	0.982864
1.3296948415167136	1.0000204553512742	0.42167283876508777	0.560696198513646	0.4216814642311275	1.329695	1.00002
1.67547162870797	0.9778768830413004	0.22828452604132995	0.3824842466552941	0.22323416077185632	1.675472	0.977877
1.2701829059105103	0.9776464508443985	0.1343065034318509	0.1705938248117483	0.13130427640547007	1.270183	0.977646
1.26991558705781	0.9773645327477596	0.08932026880181253	0.11342920159161515	0.08729846278238779	1.269916	0.977365
1.2692837042860072	0.977174832350881	0.07289150754145259	0.09252000270320637	0.0712277466616219	1.269284	0.977175
1.3966744012240488	0.9767963521418469	0.05332344155797514	0.07447548580919049	0.052086143197479076	1.396674	0.976796
1.3586322341049288	0.9763160610007181	0.03977376155280351	0.05403791451724216	0.03883176221041493	1.358632	0.976316
2.6317804547273447	0.9782061998516	0.07987762519406452	0.21022037275577554	0.07813678819425628	2.63178	0.978206
0.8125258244364236	1.0248405108894367	0.24858626623446584	0.20198276091573164	0.2547612760878275	0.812526	1.024841
0.9591684220829334	1.0241481000629362	0.17084655742616825	0.16387062290475907	0.17497217719030356	0.959168	1.024148
1.0	0.9999999999999998	1.0	1.0	0.9999999999999998	1.0	1.0
2.1978664467193383	1.5011356751525473	0.32974089500044634	0.7247264492326854	0.49498582104190025	2.197866	1.501136
8.073241390708512	1.3441689653281683	0.07575027166468112	0.6115502285607178	0.1018211642868421	8.073241	1.344169
7.982030883292282	1.3206863166544378	0.06792314788306772	0.5421646640930753	0.08970517199326337	7.982031	1.320686
0.4633290081759015	1.5479494935342968	0.23028750793958627	0.10669888264894856	0.3564734312823579	0.463329	1.547949
0.2715753191083138	0.8471531910729496	0.42167283876508777	0.11451593574693725	0.3572214909486335	0.271575	0.847153
0.17772316235948146	0.5914642694693266	0.22828452604132995	0.040571447885800555	0.13502214042618668	0.177723	0.591464
0.16380599920870598	0.7306369702209773	0.1343065034318509	0.022000210994881836	0.09812929674842084	0.163806	0.730637
0.6466874355349594	0.5945327963937821	0.24858626623446584	0.1607576150203774	0.14779268800946618	0.646687	0.594533
0.7110581648159877	0.5862495406906854	0.17084655742616825	0.12148183958858046	0.10015871581967593	0.711058	0.58625
1.0	1.0000000000000004	1.0	1.0	1.0000000000000004	1.0	1.0
1.6922253437254535	1.39672936417523	0.32974089500044634	0.557995899382469	0.4605587906165447	1.692225	1.396729
5.862780847625831	1.3967293641752299	0.07575027166468112	0.44410724191814616	0.105802628778311	5.862781	1.396729
6.368632353291361	1.3967293641752299	0.06792314788306772	0.4325775571454987	0.09487025515549728	6.368632	1.396729
0.47079608890720115	1.3967293641752299	0.23028750793958627	0.10841845806214324	0.32164932454195655	0.470796	1.396729
0.9403933170214149	1.39672936417523	0.0529481902873848	0.04979212429463486	0.07395429215432807	0.940393	1.396729
0.7847323729163848	0.9049079939188099	0.42167283876508777	0.33090032735851543	0.38157512261696536	0.784732	0.904908
1.0918823138213785	0.9718636870168087	0.22828452604132995	0.2492598365036241	0.2218614411674116	1.091882	0.971864
1.311361425449997	1.0740192857452278	0.1343065034318509	0.17612436778759694	0.1442477748868155	1.311361	1.074019
1.5631860493353682	1.0740192857452275	0.08932026880181253	0.13962419811387847	0.09593169130109443	1.563186	1.074019
1.6109333065581748	1.0740192857452275	0.07289150754145259	0.11742335726376235	0.07828688486656378	1.610933	1.074019
1.6411279795609257	1.0740192857452275	0.05332344155797514	0.08751059190727484	0.05727040461557384	1.641128	1.074019
1.7446749036528366	1.0740192857452275	0.03977376155280351	0.06939228360504836	0.04271778697434302	1.744675	1.074019
0.8058518887894398	0.8258703910287175	0.07987762519406452	0.06436953513465184	0.0659685655534674	0.805852	0.82587
0.4469425239857089	0.6350555449334093	0.24858626623446584	0.11110377325901556	0.15786608676649028	0.446943	0.635056
0.5412271285807214	0.6350555449334093	0.17084655742616825	0.09246679170366637	0.10849705362627228	0.541227	0.635056
1.0	0.9999999999999998	1.0	1.0	0.9999999999999998	1.0	1.0
1.0	0.9999999999999998	1.0	1.0	0.9999999999999998	1.0	1.0
1.4193839594794748	0.7000800750583758	0.36784955559273735	0.5221197587099847	0.25752414448955374	1.419384	0.70008
0.022448534595080786	0.6552113734757187	0.3138473551049795	0.0070454132086487375	0.20563635660005522	0.022449	0.655211
0.023436933775514573	0.6552113734757186	0.13964883460343053	0.003272940488428389	0.09149950472479718	0.023437	0.655211
0.8828473825411338	1.089496562629646	0.3396123288157421	0.2998258555736768	0.3700064648714001	0.882847	1.089497
1.3211935994579322	0.8637812658245919	0.16468065041145064	0.21757502127817788	0.14224806066921994	1.321194	0.863781
1.4902704035326901	0.9468972361886268	0.06305888079339245	0.09397478372628877	0.059710279940411386	1.49027	0.946897
0.8943479832475592	0.9468972361886268	0.04432056137789068	0.03963800468471619	0.04196701707505308	0.894348	0.946897
1.5862101730209863	0.7049186900166118	0.05656531240334839	0.08972447397430139	0.03987394591974875	1.58621	0.704919
0.6855466460014764	1.2671611466196575	0.24152533349558128	0.1655768823022838	0.30605151852995593	0.685547	1.267161
0.8052327573352062	1.2671611466196575	0.1903452332060701	0.15327221698013668	0.24119808396298992	0.805233	1.267161
0.670525777683241	1.2671611466196575	0.07827124814302155	0.05248288953133746	0.09918228454426294	0.670526	1.267161
1.0	1.0000000000000002	1.0	1.0	1.0000000000000002	1.0	1.0
1.0	1.0000000000000002	1.0	1.0	1.0000000000000002	1.0	1.0
0.9186938976123075	0.5135640594899208	0.36784955559273735	0.33794114196244707	0.18891431105176948	0.918694	0.513564
0.029357078905130195	0.44304692081069996	0.3138473551049795	0.009213641567983299	0.13904910428384348	0.029357	0.443047
0.014874710616127516	0.44304692081069996	0.13964883460343053	0.0020772360026054836	0.06187098616585262	0.014875	0.443047
1.3997677393685137	1.1359350839449376	0.3396123288157421	0.47537838176808767	0.38577755924204576	1.399768	1.135935
1.3164033027286215	0.735420146121785	0.16468065041145064	0.21678615209713112	0.12110946798901961	1.316403	0.73542
1.6659153003406073	0.8560003210499173	0.06305888079339245	0.10505075433606693	0.0539784222041924	1.665915	0.856
1.2050928583785614	0.8560003210499172	0.04432056137789068	0.05341039199582475	0.03793841476858698	1.205093	0.856
1.7141264916179806	0.5049508741327665	0.05656531240334839	0.09696010049722661	0.028562703943663788	1.714126	0.504951
0.5571077351553018	1.4413677320820357	0.24152533349558128	0.13455563152635222	0.3481268221808833	0.557108	1.441368
0.5980032448092538	1.441367732082036	0.1903452332060701	0.11382706709120406	0.2743574770988595	0.598003	1.441368
0.7951912902080448	1.441367732082036	0.07827124814302155	0.06224061479704334	0.11281765142313724	0.795191	1.441368
1.0	0.9999999999999998	1.0	1.0	0.9999999999999998	1.0	1.0
1.0	0.9999999999999998	1.0	1.0	0.9999999999999998	1.0	1.0
1.5527755234795624	0.5516154460933225	0.36784955559273735	0.5711877862472371	0.20291149670351824	1.552776	0.551615
0.018834266679102082	0.48611401571574514	0.3138473551049795	0.005911084782578034	0.15256559811184706	0.018834	0.486114
0.01433193962524176	0.4861140157157452	0.13964883460343053	0.0020014386662717387	0.06788525577909753	0.014332	0.486114
0.7453756809411989	1.1271353016500394	0.3396123288157421	0.2531387708470601	0.38278904468380387	0.745376	1.127135
0.9465207164961165	0.7650841799621634	0.16468065041145064	0.15587364722049274	0.1259945603756804	0.946521	0.765084
1.085371807812158	0.8792746430841203	0.06305888079339245	0.06844233144533572	0.05544607490289423	1.085372	0.879275
0.7497209365202553	0.8792746430841203	0.04432056137789068	0.033228052783335654	0.038969945786832674	0.749721	0.879275
0.9714024334098696	0.5468277964439618	0.05656531240334839	0.05494768211520211	0.030931485136687302	0.971402	0.546828
0.6348310128931965	1.4052944744821656	0.24152533349558128	0.15332777210236695	0.33941421660880267	0.634831	1.405294
0.6065503917895038	1.4052944744821656	0.1903452332060701	0.11545397577640629	0.26749110446850954	0.60655	1.405294
0.869052370324778	1.4052944744821654	0.07827124814302155	0.06802181372697176	0.10999415252621064	0.869052	1.405294
1.0	0.9999999999999998	1.0	1.0	0.9999999999999998	1.0	1.0
1.0	0.9999999999999998	1.0	1.0	0.9999999999999998	1.0	1.0
0.7712913321008305	0.6612577439500381	0.36784955559273735	0.2837191737458209	0.24324336724427764	0.771291	0.661258
0.010547444582989314	0.504568553853566	0.3138473551049795	0.00331028758548754	0.15835750609608612	0.010547	0.504569
0.010348002790039147	0.504568553853566	0.13964883460343053	0.0014450865301020145	0.07046241052318877	0.010348	0.504569
1.5187488953346249	1.0982826793781155	0.3396123288157421	0.5157858492309277	0.3729903384415948	1.518749	1.098283
1.8456163375115895	0.7518835912528424	0.16468065041145064	0.30393729887140797	0.12382067884121539	1.845616	0.751884
3.216669919859738	1.5201459002465831	0.06305888079339245	0.20283960502812645	0.09585869911221354	3.21667	1.520146
4.207658215716982	1.978077956248835	0.04432056137789068	0.18648577420687049	0.08766952547017905	4.207658	1.978078
1.2493403942865968	0.1462210293879955	0.05656531240334839	0.0706693297009438	0.008271038207271151	1.24934	0.146221
0.6205497163138708	1.2880825567331857	0.24152533349558128	0.149878477183296	0.3111045690848237	0.62055	1.288083
0.6409959498739614	1.288082556733186	0.1903452332060701	0.12201052356290559	0.24518037465004933	0.640996	1.288083
0.6328073358846614	1.288082556733186	0.07827124814302155	0.049530620013752726	0.10081982942676083	0.632807	1.288083
1.0	1.0	1.0	1.0	1.0	1.0	1.0
1.0	1.0	1.0	1.0	1.0	1.0	1.0
1.7175104808193373	2.664373948256113	0.3011402459211881	0.5172115285661533	0.8023502260038528	1.71751	2.664374
1.82151168187288	2.664373948256113	0.28160884261667873	0.5129537965449816	0.7503112638664347	1.821512	2.664374
0.3363061706362915	2.6643739482561126	0.14582488455148418	0.04904180850698894	0.3885320234064297	0.336306	2.664374
0.15865072465094068	2.6643739482561126	0.10895180093646886	0.01728528217059582	0.2902883400307136	0.158651	2.664374
1.457002013091229	2.664373948256113	0.09290694784212661	0.13536561003614028	0.24753885144255164	1.457002	2.664374
1.0519248001091752	2.664373948256113	0.0696260464329956	0.07324136497642104	0.18550982423614393	1.051925	2.664374
0.909345744349533	2.664373948256113	0.04278503380686764	0.03890638841412599	0.11399532945027521	0.909346	2.664374
1.2412641711225387	0.2828175078656167	0.3524779794975109	0.43751828705992507	0.09968694373899398	1.241264	0.282818
0.23003080314458738	0.28281750786561666	0.26783451893013516	0.06161018949934318	0.07574829116420716	0.230031	0.282818
0.22893030107855544	0.28281750786561666	0.11208342683598109	0.025659292651477393	0.03169915545079035	0.22893	0.282818
1.0	0.9999999999999998	1.0	1.0	0.9999999999999998	1.0	1.0
1.0	0.9999999999999998	1.0	1.0	0.9999999999999998	1.0	1.0
1.839094742663986	2.7146145223735947	0.3011402459211881	0.5538254430781969	0.8174796848488128	1.839095	2.714615
1.9589985797607385	2.7146145223735942	0.28160884261667873	0.551671322734139	0.7644594537960561	1.958999	2.714615
2.6016808499061077	2.7146145223735947	0.14582488455148418	0.3793898095773654	0.39585834932691183	2.601681	2.714615
2.448450540385808	2.7146145223735947	0.10895180093646886	0.2667630958789042	0.2957621410608954	2.448451	2.714615
2.974740766664046	2.7146145223735947	0.04444463452456545	0.13221126617970916	0.12065005032197222	2.974741	2.714615
0.9001068420695992	2.714614522373595	0.09290694784212661	0.08362617942850155	0.25220654984164304	0.900107	2.714615
0.91005188208954	2.7146145223735947	0.0696260464329956	0.06336331459880135	0.18900787678246805	0.910052	2.714615
1.1444171326829597	0.2611687310450044	0.3524779794975109	0.4033818386304245	0.092056226626672	1.144417	0.261169
0.24751581457568414	0.26116873104500443	0.26783451893013516	0.0662932791244789	0.06995000143903261	0.247516	0.261169
0.3113819776001645	0.26116873104500443	0.11208342683598109	0.03490075910439114	0.029272686357928776	0.311382	0.261169
1.0	0.9999999999999999	1.0	1.0	0.9999999999999999	1.0	1.0
1.0	0.9999999999999999	1.0	1.0	0.9999999999999999	1.0	1.0
1.688095320438058	1.9906219871377804	0.3011402459211881	0.5083534399351236	0.5994563947427953	1.688095	1.990622
1.6646253193610832	1.9906219871377808	0.28160884261667873	0.46877320957569385	0.5605767538851836	1.664625	1.990622
1.5658374399347013	1.9906219871377806	0.14582488455148418	0.22833806390486935	0.29028222146001287	1.565837	1.990622
1.0877733746572404	1.9906219871377804	0.10895180093646886	0.11851486817964663	0.21688185048239353	1.087773	1.990622
1.0982036745045705	1.9906219871377806	0.04444463452456545	0.04880926094689047	0.08847246669490288	1.098204	1.990622
1.3238751746788213	1.9906219871377804	0.09290694784212661	0.1229972018033715	0.18494261313240018	1.323875	1.990622
1.1131801538138926	1.9906219871377806	0.0696260464329956	0.07750633307773526	0.13859913890699707	1.11318	1.990622
0.986417146921878	1.9906219871377804	0.04278503380686764	0.042203890978726476	0.08516882901638398	0.986417	1.990622
1.2986457192546945	0.5731387491116487	0.3524779794975109	0.45774401920598656	0.20201878825860478	1.298646	0.573139
1.539722189459439	0.5731387491116487	0.26783451893013516	0.4123907518999233	0.15350634114853787	1.539722	0.573139
7.086023546978971	0.5731387491116487	0.03405653228784795	0.24132538972014017	0.019519118314537648	7.086024	0.573139
0.8622413652026232	0.5731387491116487	0.11208342683598109	0.09664296697164466	0.06423935505292121	0.862241	0.573139
1.0	1.0000000000000002	1.0	1.0	1.0000000000000002	1.0	1.0
1.0	1.0000000000000002	1.0	1.0	1.0000000000000002	1.0	1.0
1.0082685516438266	1.0084601359338858	0.3011402459211881	0.30363023959662205	0.3036879333368452	1.008269	1.00846
0.9041769661501963	1.008460135933886	0.28160884261667873	0.2546242289582167	0.28399129170540016	0.904177	1.00846
0.38502340798949924	1.008460135933886	0.14582488455148418	0.05614599401968772	0.14705858289733298	0.385023	1.00846
0.3795059326734894	1.008460135933886	0.10895180093646886	0.041347854830850975	0.10987354798263307	0.379506	1.00846
1.201758372230869	1.008460135933886	0.09290694784212661	0.11165170240769232	0.09369295325007346	1.201758	1.00846
1.0907543293041524	1.008460135933886	0.0696260464329956	0.07594491157912188	0.0702150922503578	1.090754	1.00846
1.1618119035245378	1.008460135933886	0.04278503380686764	0.0497081615695186	0.04314700100880965	1.161812	1.00846
0.8821797758751382	0.9963545083247564	0.3524779794975109	0.31094894495403574	0.35119302395754604	0.88218	0.996355
0.8206700563384721	0.9963545083247564	0.26783451893013516	0.2198037697397816	0.26685813042103246	0.82067	0.996355
0.6956884430405239	0.9963545083247565	0.11208342683598109	0.07797514470617016	0.11167482763651776	0.695688	0.996355
1.0	0.9999999999999999	1.0	1.0	0.9999999999999999	1.0	1.0
1.0	0.9999999999999999	1.0	1.0	0.9999999999999999	1.0	1.0
1.5767406875744634	1.8117639433922945	0.3011402459211881	0.4748200784101171	0.5455950394642971	1.576741	1.811764
1.4154035478638312	1.8117639433922943	0.28160884261667873	0.3985901549494743	0.5102087471933339	1.415404	1.811764
1.3337108858517273	1.8117639433922945	0.14582488455148418	0.19448823595438583	0.26420026787972306	1.333711	1.811764
0.9183271101216253	1.8117639433922945	0.10895180093646886	0.10005339249653404	0.1973949445043491	0.918327	1.811764
1.142638407671395	1.8117639433922945	0.09290694784212661	0.10615904694393688	0.16832545819099354	1.142638	1.811764
0.8816862280920242	1.8117639433922945	0.0696260464329956	0.06138832625646803	0.1261459604482591	0.881686	1.811764
1.3172635887037207	0.6502090839880568	0.3524779794975109	0.46430640821192776	0.22918438417503764	1.317264	0.650209
1.4514595469676683	0.6502090839880568	0.26783451893013516	0.38875096950863736	0.17414843721394502	1.45146	0.650209
2.25102685865969	0.6502090839880568	0.11208342683598109	0.2523028042184117	0.07287766229326564	2.251027	0.650209
1.0	1.0	1.0	1.0	1.0	1.0	1.0
1.0	1.0	1.0	1.0	1.0	1.0	1.0
1.7254952661204133	1.3719716878440804	0.3588288967747687	0.6191575627320738	0.4923030871553087	1.725495	1.371972
1.5367142634047022	1.8512053427167228	0.16857219836760287	0.2590473016449822	0.31206175425160965	1.536714	1.851205
1.2436952197615503	2.142776132579463	0.11846848335702102	0.14733868644352782	0.253851438600312	1.243695	2.142776
0.9670478170636871	2.142776132579463	0.10052393357832311	0.09721145052957245	0.215400285624634	0.967048	2.142776
0.6568629558114626	0.9473586707468611	0.05472997539084684	0.035950093406720264	0.05184891673628108	0.656863	0.947359
0.28592294126808715	0.772500631082855	0.5628144377704928	0.1609215594354841	0.43477450836024795	0.285923	0.772501
0.23892300776884273	0.7725006310828553	0.5374971579783435	0.12842043765139066	0.4152168937435115	0.238923	0.772501
0.1981315811173851	0.7725006310828552	0.5132465753013045	0.10169035546753051	0.3964833033213718	0.198132	0.772501
0.09815966709298972	0.772500631082855	0.38723709421689906	0.03801106425438751	0.2991408996612455	0.09816	0.772501
0.05491676532477309	0.772500631082855	0.36467519824040046	0.020026782281533175	0.2817118207809746	0.054917	0.772501
0.054723857252750994	0.772500631082855	0.15097019357798258	0.008261671322781704	0.11662456981369233	0.054724	0.772501
2.8916684073770473	0.9473586707468612	0.07086795090989766	0.20492661474169854	0.06713736777255445	2.891668	0.947359
2.6123609875739153	0.9473586707468611	0.05442739398382827	0.1421840006986682	0.05156226361673526	2.612361	0.947359
3.026222294280359	0.9473586707468613	0.03539431235095036	0.10711105712716866	0.03353110870079555	3.026222	0.947359
1.0	1.0	1.0	1.0	1.0	1.0	1.0
1.0	1.0	1.0	1.0	1.0	1.0	1.0
1.8195762224576932	1.420269567641153	0.3588288967747687	0.6529165285020951	0.5096337620794527	1.819576	1.42027
1.5516564156671828	1.970224459886061	0.16857219836760287	0.261566133100212	0.3321250684806163	1.551656	1.970224
1.4788634142195554	2.308593094577681	0.11846848335702102	0.17519870577477667	0.27349552260310966	1.478863	2.308593
0.9196763269955884	2.308593094577681	0.10052393357832311	0.09244948200846069	0.2320688588987022	0.919676	2.308593
3.891752314418245	0.9329957635391756	0.05472997539084684	0.21299550839538178	0.05106283517826344	3.891752	0.932996
0.2579773552606878	0.7438968875212089	0.5628144377704928	0.1451933801585627	0.4186759085094687	0.257977	0.743897
0.2529688087790045	0.7438968875212087	0.5374971579783435	0.13597001577588197	0.3998424628715852	0.252969	0.743897
0.1971894399321435	0.7438968875212089	0.5132465753013045	0.10120680473075494	0.38180252989756014	0.197189	0.743897
0.09065286226552627	0.7438968875212087	0.38723709421689906	0.03510415096614717	0.28806446912070827	0.090653	0.743897
0.04963723375956705	0.7438968875212089	0.36467519824040046	0.018101468061375213	0.2712807449272137	0.049637	0.743897
0.08302027210979017	0.7438968875212089	0.15097019357798258	0.01253358655131181	0.11230625711113564	0.08302	0.743897
0.5572727275786474	0.7438968875212089	0.08995672114333905	0.05013042735558034	0.06691852487014324	0.557273	0.743897
2.435334194759707	0.9329957635391757	0.07086795090989766	0.17258714416342608	0.06611949796963679	2.435334	0.932996
2.2153729294256403	0.9329957635391756	0.05442739398382827	0.1205769752509571	0.05078052800738939	2.215373	0.932996
1.961190413724641	0.9329957635391756	0.03539431235095036	0.06941498608305952	0.03302274347681901	1.96119	0.932996
1.0	1.0000000000000002	1.0	1.0	1.0000000000000002	1.0	1.0
1.0	1.0000000000000002	1.0	1.0	1.0000000000000002	1.0	1.0
1.772147608170575	1.4564724433290428	0.3588288967747687	0.6358977711618925	0.5226244000226122	1.772148	1.456472
1.8361918570779459	2.0604735766876403	0.16857219836760287	0.3095308979723206	0.3473385605005931	1.836192	2.060474
1.4534481818181075	2.4350849109541386	0.11846848335702102	0.17218780173801093	0.2884808162463034	1.453448	2.435085
1.2134784358482757	2.4350849109541386	0.10052393357832311	0.12198362568393949	0.24478431384633068	1.213478	2.435085
2.2424993812733223	0.9213123164099704	0.05472997539084684	0.1227319359510782	0.050423400404401776	2.242499	0.921312
0.2315981766037494	0.7225702370614134	0.5628144377704928	0.13034679755391052	0.4066729617214111	0.231598	0.72257
0.20454670619555623	0.7225702370614134	0.5374971579783435	0.10994327325394271	0.38837944886024767	0.204547	0.72257
0.19063600613345877	0.7225702370614133	0.5132465753013045	0.09784327727711618	0.3708566995864221	0.190636	0.72257
0.14569074596053888	0.7225702370614134	0.38723709421689906	0.056416861120051495	0.27980599896727765	0.145691	0.72257
0.06263261594214803	0.7225702370614133	0.36467519824040046	0.0228405616350177	0.26350344444298407	0.062633	0.72257
0.048128919849079715	0.7225702370614134	0.15097019357798258	0.007266032346314773	0.10908656856285034	0.048129	0.72257
3.125231004546547	0.9213123164099704	0.07086795090989766	0.22147871741229483	0.06529151601202587	3.125231	0.921312
3.4383037784699315	0.9213123164099705	0.05442739398382827	0.18713791438686836	0.05014462842739892	3.438304	0.921312
4.833130663512089	0.9213123164099702	0.03539431235095036	0.17106533633730286	0.0326092158997921	4.833131	0.921312
1.0	1.0000000000000002	1.0	1.0	1.0000000000000002	1.0	1.0
0.061614782062895196	1.0000000000000595	0.381141855479227	0.02348397236040007	0.3811418554792497	0.061615	1.0
0.06288799585085957	1.0000000000000346	0.21934794219837628	0.013794352478866071	0.21934794219838386	0.062888	1.0
2.206640460909704	1.0000000000000326	0.036971980032748986	0.08158386706020959	0.03697198003275019	2.20664	1.0
1.47086111272545	0.9999999999999706	0.2811591942431633	0.41354612529749013	0.28115919424315505	1.470861	1.0
2.0060883157589067	0.9999999999999255	0.2125048582063439	0.42630351308974973	0.21250485820632808	2.006088	1.0
1.6791295499602472	0.9999999999999255	0.1547284128637066	0.25980905025789897	0.15472841286369507	1.67913	1.0
0.5688171745124807	0.9999999999999649	0.058425339864444106	0.0332333367416245	0.05842533986444206	0.568817	1.0
1.0	1.0	1.0	1.0	1.0	1.0	1.0
0.0912507681384382	1.0000000000000557	0.381141855479227	0.034779487082189066	0.3811418554792483	0.091251	1.0
0.07965927507606259	1.0000000000000366	0.21934794219837628	0.017473098064948733	0.21934794219838433	0.079659	1.0
7.612559013471552	1.0000000000000353	0.036971980032748986	0.28145137984419355	0.03697198003275029	7.612559	1.0
0.8675198652526049	0.9999999999999516	0.2811591942431633	0.24391118630436004	0.2811591942431497	0.86752	1.0
0.964901912927763	0.9999999999999533	0.2125048582063439	0.20504634418974427	0.21250485820633397	0.964902	1.0
1.1007806388305743	0.9999999999999531	0.1547284128637066	0.1703220411573518	0.15472841286369934	1.100781	1.0
1.8513889061102762	0.9999999999999833	0.058425339864444106	0.10816802606075429	0.058425339864443135	1.851389	1.0
1.0	1.0000000000000002	1.0	1.0	1.0000000000000002	1.0	1.0
0.4660609288611991	0.9999999999999737	0.381141855479227	0.17763532719252945	0.381141855479217	0.466061	1.0
0.23290869967697078	0.9999999999999736	0.21934794219837628	0.05108804399424317	0.21934794219837048	0.232909	1.0
1.2319515400485264	0.9999999999999736	0.036971980032748986	0.04554768773998848	0.03697198003274801	1.231952	1.0
1.14411866892939	1.000000000000067	0.2811591942431633	0.32167948307474786	0.2811591942431822	1.144119	1.0
1.0902341615714617	0.9999999999999735	0.2125048582063439	0.23168005591645568	0.21250485820633827	1.090234	1.0
1.211421693120751	0.9999999999999735	0.1547284128637066	0.18744135588523803	0.15472841286370248	1.211422	1.0
0.9457677051956119	0.9999999999999737	0.058425339864444106	0.055256799608869006	0.058425339864442566	0.945768	1.0
1.0	0.9999999999999999	1.0	1.0	0.9999999999999999	1.0	1.0
0.12702521369346784	1.000000000000059	0.381141855479227	0.04841462563977365	0.3811418554792495	0.127025	1.0
0.10526976428033902	1.0000000000000389	0.21934794219837628	0.023090706170600498	0.2193479421983848	0.10527	1.0
3.9646234254854162	1.000000000000037	0.036971980032748986	0.1465799781244157	0.03697198003275036	3.964623	1.0
0.9720582571951457	0.9999999999999483	0.2811591942431633	0.2733031163504008	0.2811591942431488	0.972058	1.0
1.2406898559725954	0.9999999999999503	0.2125048582063439	0.2636526219215056	0.21250485820633333	1.24069	1.0
1.2597142564788888	0.9999999999999503	0.1547284128637066	0.1949135875667627	0.1547284128636989	1.259714	1.0
3.114911244727166	0.9999999999999822	0.058425339864444106	0.1819897481207633	0.058425339864443065	3.114911	1.0
1.0	1.0	1.0	1.0	1.0	1.0	1.0
1.0	1.0	1.0	1.0	1.0	1.0	1.0
1.4373239007166883	0.9999999999999999	0.42916997738524537	0.6168562659658537	0.4291699773852453	1.437324	1.0
1.8136110177815723	1.0	0.15713790925575047	0.28498704353738996	0.15713790925575047	1.813611	1.0
1.775126226647174	1.0	0.039029195444451235	0.06928174843838379	0.039029195444451235	1.775126	1.0
0.6757139645589031	1.0	0.07864739319112524	0.05314314185539811	0.07864739319112524	0.675714	1.0
0.8342140728668077	1.0	0.2405007843856325	0.20062913887000045	0.2405007843856325	0.834214	1.0
0.9740468601973704	1.0	0.04864464274799829	0.04738216153411052	0.04864464274799829	0.974047	1.0
0.49820830662786486	0.9999999999999999	0.12347248538190413	0.061515017857252254	0.12347248538190411	0.498208	1.0
1.0	0.9999999999999998	1.0	1.0	0.9999999999999998	1.0	1.0
1.0	0.9999999999999998	1.0	1.0	0.9999999999999998	1.0	1.0
1.3425995394997536	0.932369486734962	0.42916997738524537	0.5762034140045501	0.4001449915367365	1.3426	0.932369
2.130142388227543	0.9379539512641812	0.15713790925575047	0.3347261213031273	0.1473881228798235	2.130142	0.937954
1.6573745426000566	0.9379539512641812	0.039029195444451235	0.06468599494779557	0.03660758808178502	1.657375	0.937954
0.8491459038440529	0.9341685880874803	0.07864739319112524	0.06678311177625665	0.07346992425411437	0.849146	0.934169
1.0057684377598324	1.205906230156549	0.2405007843856325	0.24188809819155188	0.29002139424817114	1.005768	1.205906
0.8867818839675985	1.205906230156549	0.04864464274799829	0.0431371879410007	0.058660877753550736	0.886782	1.205906
0.6839243512694566	0.9379539512641811	0.12347248538190413	0.08444583946444624	0.11581150553636582	0.683924	0.937954
1.0	1.0000000000000004	1.0	1.0	1.0000000000000004	1.0	1.0
1.0	1.0000000000000004	1.0	1.0	1.0000000000000004	1.0	1.0
1.093702043840708	0.8414740472709784	0.42916997738524537	0.4693840814213132	0.3611353978375567	1.093702	0.841474
0.27688873245229606	0.8595076213227691	0.15713790925575047	0.04350971651402867	0.13506123060404324	0.276889	0.859508
0.9066690636662657	0.8469837074664036	0.07864739319112524	0.07130715834439015	0.06661306066758724	0.906669	0.846984
1.1828108060576972	1.4758542483155945	0.2405007843856325	0.2844669266366784	0.3549441043587685	1.182811	1.475854
0.9965015685627852	1.4758542483155948	0.04864464274799829	0.04847446280055661	0.07179240265742766	0.996502	1.475854
0.7844476975639066	0.8595076213227693	0.12347248538190413	0.09685770687032781	0.10612554220941081	0.784448	0.859508
1.0	0.9999999999999998	1.0	1.0	0.9999999999999998	1.0	1.0
1.0	0.9999999999999998	1.0	1.0	0.9999999999999998	1.0	1.0
1.3404438796207594	0.9552101560869855	0.42916997738524537	0.5752782695030318	0.40994752108600824	1.340444	0.95521
1.6832830123106102	0.9552101560869855	0.15713790925575047	0.26450757324021096	0.15009972682736797	1.683283	0.95521
0.8861461497419052	0.9552101560869855	0.039029195444451235	0.03458557127062477	0.03728108387244373	0.886146	0.95521
1.357917652316955	0.9552101560869856	0.07864739319112524	0.10679668352294125	0.07512478872592926	1.357918	0.95521
0.9628339360856804	1.141445905909721	0.2405007843856325	0.23156231686171208	0.2745186357050568	0.962834	1.141446
0.8548266648856614	1.1414459059097213	0.04864464274799829	0.041582737724825854	0.05552522830914366	0.854827	1.141446
0.7337957378834259	0.9552101560869853	0.12347248538190413	0.09060358351911485	0.11794217203409665	0.733796	0.95521
1.0	1.0	1.0	1.0	1.0	1.0	1.0
1.0	1.0	1.0	1.0	1.0	1.0	1.0
1.2246852787246791	0.9999999999999999	0.42916997738524537	0.5255981533743135	0.4291699773852453	1.224685	1.0
0.18043308665525098	1.0	0.15713790925575047	0.02835287799756779	0.15713790925575047	0.180433	1.0
0.8211450463601948	1.0	0.07864739319112524	0.064580917328035	0.07864739319112524	0.821145	1.0
0.6819685558695058	1.0000000000000002	0.2405007843856325	0.16401397261295317	0.24050078438563252	0.681969	1.0
0.6565847328222355	1.0000000000000002	0.04864464274799829	0.03193932976192755	0.0486446427479983	0.656585	1.0
0.9947608558424572	0.9999999999999999	0.12347248538190413	0.12282559523149823	0.12347248538190411	0.994761	1.0
1.0	1.0000000000000002	1.0	1.0	1.0000000000000002	1.0	1.0
1.0	1.0000000000000002	1.0	1.0	1.0000000000000002	1.0	1.0
1.5060215880855456	0.9972110094258886	0.42916997738524537	0.6463392509003649	0.42797302636362633	1.506022	0.997211
1.1171993955092911	1.0020968606663962	0.15713790925575047	0.17555437723211825	0.15746740555686858	1.117199	1.002097
1.7844538475966778	1.0020968606663962	0.039029195444451235	0.06964579797945374	0.0391110342292198	1.784454	1.002097
0.8338655349093278	0.9987905217291595	0.07864739319112524	0.06558135059254187	0.07855227087800232	0.833866	0.998791
0.5981348813463423	1.0020968606663965	0.2405007843856325	0.14385190813220256	0.24100508102064822	0.598135	1.002097
0.8577520683737079	1.0020968606663965	0.12347248538190413	0.10590877972357067	0.12373138997988366	0.857752	1.002097
1.0	1.0000000000000002	1.0	1.0	1.0000000000000002	1.0	1.0
1.0	1.0000000000000002	1.0	1.0	1.0000000000000002	1.0	1.0
1.6161264804733817	0.966023923903318	0.42916997738524537	0.6935929650764574	0.414588465575193	1.616126	0.966024
1.5033837136495456	1.0255444024181841	0.15713790925575047	0.23623857357203545	0.16115190324493145	1.503384	1.025544
3.1044664490985276	1.025544402418184	0.039029195444451235	0.12116482779260795	0.04002617291894225	3.104466	1.025544
3.965694307610383	0.9811090021732222	0.07864739319112524	0.31189151948644095	0.07716166545726995	3.965694	0.981109
0.764840129172368	1.0255444024181841	0.2405007843856325	0.18394465099556298	0.246644233203868	0.76484	1.025544
0.9584269554183266	1.025544402418184	0.04864464274799829	0.04662233684637618	0.049887241077841954	0.958427	1.025544
0.4112204908848903	1.025544402418184	0.12347248538190413	0.05077441604952406	0.12662651623607282	0.41122	1.025544
1.0	1.0	1.0	1.0	1.0	1.0	1.0
1.0	1.0	1.0	1.0	1.0	1.0	1.0
1.0037040809026063	1.0000000000000002	0.42916997738524537	0.43075965770245	0.4291699773852454	1.003704	1.0
0.8542284207353207	1.0000000000000002	0.15713790925575047	0.13423166806118986	0.1571379092557505	0.854228	1.0
1.1097456772823202	1.0000000000000002	0.039029195444451235	0.04331248093228658	0.03902919544445124	1.109746	1.0
1.3026449365479633	1.0000000000000002	0.07864739319112524	0.10244962851311606	0.07864739319112525	1.302645	1.0
0.8924743528296574	1.0000000000000002	0.2405007843856325	0.21464078189959232	0.24050078438563255	0.892474	1.0
1.6462672147226438	1.0000000000000002	0.04864464274799829	0.0800820805279252	0.048644642747998304	1.646267	1.0
2.317823057411954	1.0000000000000002	0.12347248538190413	0.2861873735741378	0.12347248538190415	2.317823	1.0
5.055655311080376	1.0000000000000002	0.04742079742477029	0.23974320635620655	0.0474207974247703	5.055655	1.0
5.2771935738516556	1.0000000000000002	0.033323757716521	0.17585592007821413	0.033323757716521005	5.277194	1.0
1.0	1.0	1.0	1.0	1.0	1.0	1.0
1.0	1.0	1.0	1.0	1.0	1.0	1.0
1.4770428657337262	0.9999999999999999	0.42916997738524537	0.6339024532839813	0.4291699773852453	1.477043	1.0
1.1945159765516795	1.0	0.15713790925575047	0.18770374312792196	0.15713790925575047	1.194516	1.0
1.4739473518287916	1.0	0.039029195444451235	0.05752697926935724	0.039029195444451235	1.473947	1.0
1.3142700861228804	1.0	0.07864739319112524	0.1033639162226402	0.07864739319112524	1.31427	1.0
0.7443164372597579	1.0000000000000002	0.2405007843856325	0.1790086869920912	0.24050078438563252	0.744316	1.0
0.7380905427012532	1.0000000000000002	0.04864464274799829	0.03590415076537864	0.0486446427479983	0.738091	1.0
0.6881550761794686	0.9999999999999999	0.12347248538190413	0.08496821758405255	0.12347248538190411	0.688155	1.0
1.0	1.0000000000000004	1.0	1.0	1.0000000000000004	1.0	1.0
1.0	1.0000000000000004	1.0	1.0	1.0000000000000004	1.0	1.0
1.4523619887725048	0.9804916659842272	0.42916997738524537	0.6233101618766859	0.42079758611687235	1.452362	0.980492
1.1844294077325268	1.0146670478718383	0.15713790925575047	0.18611876079211606	0.15944265849328515	1.184429	1.014667
1.8449578977287124	1.0146670478718383	0.039029195444451235	0.07200722237723779	0.03960163852243433	1.844958	1.014667
0.6047619792329472	0.9903936117178059	0.07864739319112524	0.047562953167776714	0.0778918757947489	0.604762	0.990394
0.7219739037960742	1.014667047871838	0.2405007843856325	0.17363529016891302	0.24402822090343118	0.721974	1.014667
0.8652080421337348	1.0146670478718383	0.04864464274799829	0.04208773611229058	0.04935811605189165	0.865208	1.014667
0.9507456334864182	1.0146670478718383	0.12347248538190413	0.11739092633256094	0.12528346223585538	0.950746	1.014667
